[
  {
    "run_id": 0,
    "starting_point": [
      1.0,
      0.0,
      0.0
    ],
    "error": "File not found or corrupted."
  },
  {
    "run_id": 1,
    "starting_point": [
      0.0,
      1.0,
      0.0
    ],
    "error": "File not found or corrupted."
  },
  {
    "run_id": 2,
    "starting_point": [
      0.0,
      0.0,
      1.0
    ],
    "error": "File not found or corrupted."
  },
  {
    "run_id": 3,
    "starting_point": [
      0.14285714285714285,
      0.14285714285714285,
      0.7142857142857144
    ],
    "error": "File not found or corrupted."
  },
  {
    "run_id": 4,
    "starting_point": [
      0.14285714285714285,
      0.2857142857142857,
      0.5714285714285715
    ],
    "trajectory": [
      [
        0.14285714285714285,
        0.2857142857142857,
        0.5714285714285715
      ],
      [
        0.14285714285714285,
        0.2857142857142857,
        0.5714285714285715
      ],
      [
        0.11001000318338372,
        0.24125161542345763,
        0.6487383813931586
      ],
      [
        0.09853445273577344,
        0.20548592735620855,
        0.6959796199080179
      ],
      [
        0.0726901282661616,
        0.18901838689556902,
        0.7382914848382693
      ],
      [
        0.06505570051124974,
        0.1470424105438454,
        0.7879018889449049
      ]
    ],
    "final_distribution": {
      "honest": 0.020391011248268594,
      "withholding": 0.1399944601262153,
      "adversarial": 0.8396145286255161
    }
  },
  {
    "run_id": 5,
    "starting_point": [
      0.14285714285714285,
      0.42857142857142855,
      0.42857142857142866
    ],
    "trajectory": [
      [
        0.14285714285714285,
        0.42857142857142855,
        0.42857142857142866
      ],
      [
        0.14285714285714285,
        0.42857142857142855,
        0.42857142857142866
      ],
      [
        0.11366223492411576,
        0.39439785435757857,
        0.4919399107183057
      ],
      [
        0.10378283274654267,
        0.3471337641858825,
        0.5490834030675749
      ],
      [
        0.07901652269506242,
        0.3302677732068647,
        0.5907157040980728
      ],
      [
        0.07130668110970138,
        0.28556488988738155,
        0.6431284290029171
      ]
    ],
    "final_distribution": {
      "honest": 0.026146586545552856,
      "withholding": 0.27044415732468163,
      "adversarial": 0.7034092561297656
    }
  },
  {
    "run_id": 6,
    "starting_point": [
      0.14285714285714285,
      0.5714285714285714,
      0.2857142857142858
    ],
    "trajectory": [
      [
        0.14285714285714285,
        0.5714285714285714,
        0.2857142857142858
      ],
      [
        0.14285714285714285,
        0.5714285714285714,
        0.2857142857142858
      ],
      [
        0.11735882610041892,
        0.5554159849586912,
        0.32722518894088987
      ],
      [
        0.10947945403598049,
        0.5052935437708411,
        0.3852270021931783
      ],
      [
        0.08646673081535289,
        0.49763196366742635,
        0.41590130551722065
      ],
      [
        0.07937301365805031,
        0.4605078670618925,
        0.4601191192800571
      ]
    ],
    "final_distribution": {
      "honest": 0.034309577473741346,
      "withholding": 0.4464571960630089,
      "adversarial": 0.5192332264632499
    }
  },
  {
    "run_id": 7,
    "starting_point": [
      0.14285714285714285,
      0.7142857142857142,
      0.14285714285714302
    ],
    "error": "File not found or corrupted."
  },
  {
    "run_id": 8,
    "starting_point": [
      0.14285714285714285,
      0.8571428571428571,
      1.1102230246251565e-16
    ],
    "trajectory": [
      [
        0.14285714285714285,
        0.8571428571428571,
        1.1102230246251565e-16
      ],
      [
        0.14285714285714285,
        0.8571428571428571,
        1.1102230246251565e-16
      ],
      [
        0.12179176105005098,
        0.878208238949949,
        0.0
      ],
      [
        0.11942171572257405,
        0.8510938974620073,
        0.029484386815418723
      ],
      [
        0.10178120993631322,
        0.8982187900636868,
        0.0
      ],
      [
        0.09622319740507972,
        0.9037768025949202,
        0.0
      ]
    ],
    "final_distribution": {
      "honest": 0.054442897950459944,
      "withholding": 0.94555710204954,
      "adversarial": 0.0
    }
  },
  {
    "run_id": 9,
    "starting_point": [
      0.2857142857142857,
      0.14285714285714285,
      0.5714285714285714
    ],
    "error": "File not found or corrupted."
  },
  {
    "run_id": 10,
    "starting_point": [
      0.2857142857142857,
      0.2857142857142857,
      0.4285714285714286
    ],
    "trajectory": [
      [
        0.2857142857142857,
        0.2857142857142857,
        0.4285714285714286
      ],
      [
        0.2857142857142857,
        0.2857142857142857,
        0.4285714285714286
      ],
      [
        0.23263921226676013,
        0.25872718768128283,
        0.5086336000519569
      ],
      [
        0.18725507005779507,
        0.23321471300069538,
        0.5795302169415096
      ],
      [
        0.1407669877209265,
        0.22440926704184042,
        0.6348237452372331
      ],
      [
        0.11529777686428837,
        0.18706428247299045,
        0.6976379406627212
      ]
    ],
    "final_distribution": {
      "honest": 0.055753939462386326,
      "withholding": 0.18039434005911395,
      "adversarial": 0.7638517204784997
    }
  },
  {
    "run_id": 11,
    "starting_point": [
      0.2857142857142857,
      0.42857142857142855,
      0.28571428571428575
    ],
    "error": "invalid literal for int() with base 16: b''"
  },
  {
    "run_id": 12,
    "starting_point": [
      0.2857142857142857,
      0.5714285714285714,
      0.1428571428571429
    ],
    "error": "File not found or corrupted."
  },
  {
    "run_id": 13,
    "starting_point": [
      0.2857142857142857,
      0.7142857142857142,
      1.1102230246251565e-16
    ],
    "trajectory": [
      [
        0.2857142857142857,
        0.7142857142857142,
        1.1102230246251565e-16
      ],
      [
        0.2857142857142857,
        0.7142857142857142,
        1.1102230246251565e-16
      ],
      [
        0.24949142611830732,
        0.7505085738816927,
        0.0
      ],
      [
        0.22151983731780733,
        0.7489957758667739,
        0.029484386815418723
      ],
      [
        0.19000264374751907,
        0.8099973562524809,
        0.0
      ],
      [
        0.17003929967948714,
        0.829960700320513,
        0.0
      ]
    ],
    "final_distribution": {
      "honest": 0.11586293564487403,
      "withholding": 0.884137064355126,
      "adversarial": 0.0
    }
  },
  {
    "run_id": 14,
    "starting_point": [
      0.42857142857142855,
      0.14285714285714285,
      0.42857142857142855
    ],
    "trajectory": [
      [
        0.42857142857142855,
        0.14285714285714285,
        0.42857142857142855
      ],
      [
        0.42857142857142855,
        0.14285714285714285,
        0.42857142857142855
      ],
      [
        0.36137844250475987,
        0.11381228290815767,
        0.5248092745870825
      ],
      [
        0.28344608242438907,
        0.10516532543001576,
        0.6113885921455952
      ],
      [
        0.21466763793158164,
        0.1021576716107528,
        0.6831746904576655
      ],
      [
        0.16884691621717643,
        0.07195243014839484,
        0.7592006536344288
      ]
    ],
    "final_distribution": {
      "honest": 0.09175770989191301,
      "withholding": 0.0754578519967772,
      "adversarial": 0.8327844381113098
    }
  },
  {
    "run_id": 15,
    "starting_point": [
      0.4285714285714286,
      0.28571428571428575,
      0.28571428571428575
    ],
    "trajectory": [
      [
        0.4285714285714286,
        0.28571428571428575,
        0.28571428571428575
      ],
      [
        0.4285714285714286,
        0.28571428571428575,
        0.28571428571428575
      ],
      [
        0.37337236903610255,
        0.27749370403363566,
        0.34913392693026185
      ],
      [
        0.3043036497367646,
        0.2668888723853404,
        0.4288074778778949
      ],
      [
        0.24202488577538295,
        0.27253665476834527,
        0.48543845945627184
      ],
      [
        0.1983893865371176,
        0.24723475346395327,
        0.5543758599989291
      ]
    ],
    "final_distribution": {
      "honest": 0.12007092523539911,
      "withholding": 0.24677556116558033,
      "adversarial": 0.6331535135990205
    }
  },
  {
    "run_id": 16,
    "starting_point": [
      0.42857142857142855,
      0.42857142857142855,
      0.14285714285714285
    ],
    "error": "invalid literal for int() with base 16: b''"
  },
  {
    "run_id": 17,
    "starting_point": [
      0.5714285714285714,
      0.14285714285714285,
      0.28571428571428575
    ],
    "error": "invalid literal for int() with base 16: b''"
  },
  {
    "run_id": 18,
    "starting_point": [
      0.5714285714285714,
      0.2857142857142857,
      0.1428571428571429
    ],
    "error": "invalid literal for int() with base 16: b''"
  },
  {
    "run_id": 19,
    "starting_point": [
      0.5714285714285714,
      0.42857142857142855,
      5.551115123125783e-17
    ],
    "error": "invalid literal for int() with base 16: b''"
  }
]