[
  [
    1.0,
    0.0,
    0.0
  ],
  [
    0.0,
    1.0,
    0.0
  ],
  [
    0.0,
    0.0,
    1.0
  ],
  [
    0.14285714285714285,
    0.14285714285714285,
    0.7142857142857144
  ],
  [
    0.14285714285714285,
    0.2857142857142857,
    0.5714285714285715
  ],
  [
    0.14285714285714285,
    0.42857142857142855,
    0.42857142857142866
  ],
  [
    0.14285714285714285,
    0.5714285714285714,
    0.2857142857142858
  ],
  [
    0.14285714285714285,
    0.7142857142857142,
    0.14285714285714302
  ],
  [
    0.14285714285714285,
    0.8571428571428571,
    1.1102230246251565e-16
  ],
  [
    0.2857142857142857,
    0.14285714285714285,
    0.5714285714285714
  ],
  [
    0.2857142857142857,
    0.2857142857142857,
    0.4285714285714286
  ],
  [
    0.2857142857142857,
    0.42857142857142855,
    0.28571428571428575
  ],
  [
    0.2857142857142857,
    0.5714285714285714,
    0.1428571428571429
  ],
  [
    0.2857142857142857,
    0.7142857142857142,
    1.1102230246251565e-16
  ],
  [
    0.42857142857142855,
    0.14285714285714285,
    0.42857142857142855
  ],
  [
    0.4285714285714286,
    0.28571428571428575,
    0.28571428571428575
  ],
  [
    0.42857142857142855,
    0.42857142857142855,
    0.14285714285714285
  ],
  [
    0.5714285714285714,
    0.14285714285714285,
    0.28571428571428575
  ],
  [
    0.5714285714285714,
    0.2857142857142857,
    0.1428571428571429
  ],
  [
    0.5714285714285714,
    0.42857142857142855,
    5.551115123125783e-17
  ]
]